 936 
 367 
 13 
 309 
 737 
 315 
 268 
 482 
 283 
 58 
 88 
 355 
 74 
 547 
 831 
 567 
 482 
 506 
 887 
 355 
 630 
 158 
 501 
 556 
 437 
 380 
 725 
 611 
 908 
 87 
 877 
 844 
 145 
 580 
 843 
 882 
 895 
 110 
 53 
 868 
 860 
 142 
 222 
 624 
 379 
 743 
 191 
 861 
 248 
 768 
 907 
 568 
 927 
 407 
 123 
 363 
 787 
 538 
 665 
 695 
 626 
 541 
 228 
 771 
 811 
 761 
 342 
 706 
 561 
 396 
 573 
 420 
 228 
 486 
 44 
 607 
 228 
 235 
 158 
 167 
 693 
 64 
 735 
 619 
 471 
 549 
 673 
 948 
 86 
 337 
 332 
 402 
 568 
 250 
 863 
 378 
 10 
 205 
 774 
 572 
